%YAML:1.0
---
Mode: "眼在手上 (Eye-in-Hand)"
Transformation_Matrix: !!opencv-matrix
   rows: 4
   cols: 4
   dt: d
   data: [ 0.71737156477381636, 0.69650489386372849,
       0.016092572132589265, -82.789840817301183, -0.69664281075545464,
       0.71740183112239819, 0.0048380703766993513, -42.881692284714248,
       -0.008175101021160586, -0.014681468799350547, 0.99985880113003334,
       33.230826731260606, 0., 0., 0., 1. ]
