%YAML:1.0
---
Mode: "眼在手上 (Eye-in-Hand)"
Transformation_Matrix: !!opencv-matrix
   rows: 4
   cols: 4
   dt: d
   data: [ 0.71849547290352622, 0.69497845885182441,
       -0.027734403708771737, -78.311540679775206, -0.69535700474888484,
       0.71685028747886848, -0.051032355306440451, -32.412188400847356,
       -0.015584972370760692, 0.055951828150709586, 0.99831182581535916,
       31.223880742886049, 0., 0., 0., 1. ]
