%YAML:1.0
---
Mode: "眼在手上 (Eye-in-Hand)"
Transformation_Matrix: !!opencv-matrix
   rows: 4
   cols: 4
   dt: d
   data: [ 0.72187422777736177, 0.69192862056552495,
       -0.01150579476295952, -72.73227485813922, -0.69196214547150026,
       0.72193243295654463, 0.0013969538011666337, -38.32753759219532,
       0.0092729987229570304, 0.0069531494830744056, 0.99993283034759384,
       24.323404660456223, 0., 0., 0., 1. ]
